image: 0727.pgm
resolution: 0.050000
origin: [-5.650000, -12.314337, 0.000000]
negate: 0
occupied_thresh: 0.65
free_thresh: 0.196

