image: 0808.pgm
resolution: 0.050000
origin: [-8.250000, -6.622471, 0.000000]
negate: 0
occupied_thresh: 0.65
free_thresh: 0.196

